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

10 KV
плохие:  374, 375, 379, 381, 382, 384
хорошие: 376, 377, 378, 380, 383, 385

12 KV
плохие:  362, 367, 369, 370, 371, 373
хорошие: 363, 364(?), 365, 366, 368(?), 372

14 KV
плохие:  348, 350(?), 351, 352(?), 353, 356, 358, 360
хорошие: 349, 354, 355, 357, 359, 361

16 KV
плохие:  335, 336, 337, 339, 340, 341, 344, 347
хорошие: 338, 342, 343(?), 345, 346

18 KV
плохие:  311, 312, 313, 314, 315, 316, 317, 318, 319, 320, 321
хорошие: 322

20 KV
плохие:  323, 324, 325, 326, 327, 328, 329, 331, 332, 333
хорошие: 330(?), 334